20090713 20090714
20091228 20091229
20100312 20100313
20100430 20100501
20100604 20100605
20100730 20100731
20100806 20100807
20100903 20100904
20100928 20100929
20120412 20120413
20120625 20120626
20130114 20130115
20130207 20130208
20130225 20130226
20130228 20130301
20141010 20141020
20141011 20141020
20141012 20141020
20141013 20141020
20141014 20141021
20141015 20141021
20141016 20141021
20141017 20141021
20141018 20141021
20141019 20141022
20151214 20151215
20161216 20161217
20170407 20170408
20171113 20171114
20171211 20171212
20180108 20180109
20181115 20181116
20190110 20190111
20190124 20190125
20190131 20190201
20190627 20190629
20190628 20190629
20190725 20190727
20190726 20190727
20191107 20191108
20191111 20191114
20191128 20191129
20191205 20191207
20191206 20191207
20191219 20200109
20200130 20200203
20200220 20200228
20200211 20200212
00000000 20200326